0 0
54 0
55 0
56 0
57 0
58 0
59 0
60 0
61 0
62 0
63 0
64 0
65 0
66 0
67 0
68 0
69 0
70 0
71 0
72 0
73 0
74 0
75 0
76 0
77 0
78 0
79 0
80 0
81 0
82 0
115 0
0 1
58 1
59 1
60 1
61 1
62 1
63 1
64 1
65 1
66 1
67 1
68 1
69 1
70 1
71 1
72 1
73 1
74 1
75 1
76 1
77 1
78 1
79 1
115 1
0 2
32 2
33 2
34 2
35 2
60 2
63 2
64 2
65 2
66 2
67 2
68 2
69 2
70 2
71 2
72 2
73 2
74 2
76 2
115 2
0 3
65 3
68 3
71 3
72 3
76 3
86 3
87 3
115 3
0 4
31 4
65 4
72 4
115 4
0 5
16 5
17 5
18 5
31 5
38 5
39 5
72 5
84 5
85 5
106 5
107 5
115 5
0 6
12 6
13 6
30 6
31 6
43 6
44 6
68 6
89 6
90 6
103 6
104 6
115 6
0 7
29 7
30 7
31 7
63 7
68 7
75 7
81 7
82 7
83 7
100 7
101 7
115 7
0 8
9 8
10 8
11 8
27 8
28 8
29 8
30 8
31 8
49 8
50 8
51 8
52 8
53 8
54 8
55 8
56 8
60 8
63 8
67 8
68 8
72 8
75 8
79 8
81 8
92 8
95 8
98 8
115 8
0 9
1 9
2 9
3 9
4 9
5 9
6 9
7 9
8 9
9 9
10 9
21 9
22 9
23 9
24 9
25 9
26 9
27 9
28 9
29 9
30 9
31 9
49 9
50 9
51 9
52 9
53 9
54 9
55 9
56 9
57 9
58 9
59 9
60 9
61 9
62 9
63 9
64 9
65 9
66 9
67 9
68 9
69 9
70 9
71 9
72 9
73 9
74 9
75 9
76 9
77 9
78 9
79 9
80 9
81 9
108 9
109 9
110 9
111 9
112 9
113 9
114 9
115 9