31 5 1
32 5 1
31 6 1
32 6 1
33 6 1
36 6 1
37 6 1
38 6 1
39 6 1
40 6 1
41 6 1
42 6 1
43 6 1
44 6 1
45 6 1
9 7 1
10 7 1
11 7 1
12 7 1
13 7 1
14 7 1
15 7 1
16 7 1
17 7 1
18 7 1
19 7 1
20 7 1
21 7 1
22 7 1
31 7 1
32 7 1
33 7 1
48 7 1
49 7 1
0 8 1
1 8 1
2 8 1
3 8 1
4 8 1
5 8 1
6 8 1
7 8 1
8 8 1
9 8 1
10 8 1
11 8 1
12 8 1
13 8 1
14 8 1
15 8 1
16 8 1
17 8 1
18 8 1
19 8 1
20 8 1
21 8 1
22 8 1
31 8 1
32 8 1
33 8 1
64 8 1
65 8 1
66 8 1
67 8 1
68 8 1
69 8 1
70 8 1
71 8 1
72 8 1
73 8 1
0 9 1
1 9 1
2 9 1
3 9 1
4 9 1
5 9 1
6 9 1
7 9 1
8 9 1
9 9 1
10 9 1
11 9 1
12 9 1
13 9 1
14 9 1
15 9 1
16 9 1
17 9 1
18 9 1
19 9 1
20 9 1
21 9 1
22 9 1
23 9 1
24 9 1
25 9 1
26 9 1
27 9 1
28 9 1
29 9 1
30 9 1
31 9 1
32 9 1
33 9 1
54 9 1
55 9 1
56 9 1
57 9 1
58 9 1
59 9 1
60 9 1
61 9 1
62 9 1
63 9 1
64 9 1
65 9 1
66 9 1
67 9 1
68 9 1
69 9 1
70 9 1
71 9 1
72 9 1
73 9 1